Number of Clusters: 6

Cluster 1:
2.0 2.0 0.0 18.0 14.0 9.0 12.0 150.0 0.0 0.0 3.0 0.0 2.0 2.0 5.0 47.0 1.0 0.0 47.0 9.4 30.0 0.0 0.0 0.0
2.0 2.0 1.0 20.0 11.0 20.0 21.0 95.23 0.0 0.0 1.0 0.0 2.0 2.0 3.0 27.0 0.0 0.0 0.0 9.0 0.0 0.0 0.0 0.0
1.0 1.0 1.0 24.0 24.0 0.0 22.0 109.09 0.0 0.0 1.0 2.0 0.0 0.0 0.0 0.0 0.0 0.0 0.0 0.0 0.0 0.0 0.0 0.0
3.0 3.0 2.0 63.0 46.0 63.0 33.0 190.9 0.0 0.0 3.0 5.0 0.0 0.0 0.0 0.0 0.0 0.0 0.0 0.0 0.0 0.0 0.0 0.0
4.0 4.0 0.0 29.0 16.0 7.25 31.0 93.54 0.0 0.0 4.0 0.0 0.0 0.0 0.0 0.0 0.0 0.0 0.0 0.0 0.0 0.0 0.0 0.0
5.0 5.0 0.0 63.0 33.0 12.6 41.0 153.65 0.0 0.0 7.0 4.0 0.0 0.0 0.0 0.0 0.0 0.0 0.0 0.0 0.0 0.0 0.0 0.0
6.0 3.0 0.0 52.0 35.0 17.33 40.0 130.0 0.0 0.0 6.0 1.0 0.0 0.0 0.0 0.0 0.0 0.0 0.0 0.0 0.0 0.0 0.0 0.0
7.0 6.0 1.0 51.0 22.0 10.2 41.0 124.39 0.0 0.0 7.0 1.0 0.0 0.0 0.0 0.0 0.0 0.0 0.0 0.0 0.0 0.0 0.0 0.0
7.0 5.0 0.0 44.0 22.0 8.8 39.0 112.82 0.0 0.0 2.0 2.0 7.0 1.0 2.0 33.0 0.0 0.0 0.0 16.5 0.0 0.0 0.0 0.0
4.0 4.0 1.0 57.0 32.0 19.0 47.0 121.27 0.0 0.0 5.0 1.0 0.0 0.0 0.0 0.0 0.0 0.0 0.0 0.0 0.0 0.0 0.0 0.0
5.0 4.0 1.0 47.0 35.0 15.66 44.0 106.81 0.0 0.0 4.0 1.0 5.0 1.0 1.0 10.0 0.0 0.0 0.0 10.0 0.0 0.0 0.0 0.0
4.0 4.0 0.0 55.0 45.0 13.75 47.0 117.02 0.0 0.0 2.0 4.0 0.0 0.0 0.0 0.0 0.0 0.0 0.0 0.0 0.0 0.0 0.0 0.0
6.0 4.0 3.0 36.0 23.0 36.0 40.0 90.0 0.0 0.0 3.0 1.0 6.0 2.0 3.0 36.0 0.0 0.0 0.0 12.0 0.0 0.0 0.0 0.0
5.0 4.0 0.0 77.0 65.0 19.25 46.0 167.39 0.0 1.0 4.0 6.0 5.0 5.0 13.1 97.0 3.0 0.0 32.33 7.36 26.33 0.0 0.0 0.0
4.0 4.0 1.0 75.0 43.0 25.0 48.0 156.25 0.0 0.0 1.0 8.0 4.0 4.0 10.1 94.0 5.0 0.0 18.8 9.24 12.2 0.0 0.0 0.0
3.0 3.0 1.0 74.0 26.0 37.0 64.0 115.62 0.0 0.0 3.0 2.0 0.0 0.0 0.0 0.0 0.0 0.0 0.0 0.0 0.0 0.0 0.0 0.0
7.0 7.0 3.0 99.0 29.0 24.75 76.0 130.26 0.0 0.0 6.0 4.0 7.0 6.0 11.0 120.0 3.0 0.0 40.0 10.9 22.0 0.0 0.0 0.0
9.0 8.0 3.0 131.0 40.0 26.2 84.0 155.95 0.0 0.0 4.0 10.0 9.0 7.0 15.0 129.0 2.0 0.0 64.5 8.6 45.0 0.0 0.0 0.0

Cluster 2:
10.0 9.0 1.0 134.0 46.0 16.75 100.0 134.0 0.0 0.0 6.0 8.0 0.0 0.0 0.0 0.0 0.0 0.0 0.0 0.0 0.0 0.0 0.0 0.0
12.0 11.0 2.0 480.0 90.0 53.33 275.0 174.54 0.0 6.0 39.0 30.0 0.0 0.0 0.0 0.0 0.0 0.0 0.0 0.0 0.0 0.0 0.0 0.0
15.0 14.0 1.0 370.0 65.0 28.46 313.0 118.21 0.0 1.0 39.0 5.0 0.0 0.0 0.0 0.0 0.0 0.0 0.0 0.0 0.0 0.0 0.0 0.0
6.0 6.0 0.0 148.0 45.0 24.66 118.0 125.42 0.0 0.0 13.0 6.0 0.0 0.0 0.0 0.0 0.0 0.0 0.0 0.0 0.0 0.0 0.0 0.0
16.0 16.0 2.0 602.0 100.0 43.0 402.0 149.75 1.0 3.0 53.0 34.0 0.0 0.0 0.0 0.0 0.0 0.0 0.0 0.0 0.0 0.0 0.0 0.0
6.0 6.0 0.0 127.0 43.0 21.16 88.0 144.31 0.0 0.0 16.0 6.0 0.0 0.0 0.0 0.0 0.0 0.0 0.0 0.0 0.0 0.0 0.0 0.0
11.0 11.0 2.0 368.0 104.0 40.88 252.0 146.03 1.0 3.0 30.0 27.0 0.0 0.0 0.0 0.0 0.0 0.0 0.0 0.0 0.0 0.0 0.0 0.0
16.0 16.0 1.0 491.0 74.0 32.73 377.0 130.23 0.0 3.0 56.0 18.0 0.0 0.0 0.0 0.0 0.0 0.0 0.0 0.0 0.0 0.0 0.0 0.0
7.0 7.0 0.0 115.0 44.0 16.42 99.0 116.16 0.0 0.0 11.0 5.0 7.0 2.0 3.0 19.0 1.0 0.0 19.0 6.33 18.0 0.0 0.0 0.0
9.0 8.0 4.0 87.0 32.0 21.75 81.0 107.4 0.0 0.0 2.0 3.0 9.0 2.0 3.0 24.0 0.0 0.0 0.0 8.0 0.0 0.0 0.0 0.0
16.0 16.0 6.0 498.0 52.0 49.8 337.0 147.77 0.0 2.0 49.0 16.0 0.0 0.0 0.0 0.0 0.0 0.0 0.0 0.0 0.0 0.0 0.0 0.0
13.0 13.0 0.0 382.0 65.0 29.38 276.0 138.4 0.0 2.0 32.0 24.0 0.0 0.0 0.0 0.0 0.0 0.0 0.0 0.0 0.0 0.0 0.0 0.0
6.0 6.0 1.0 162.0 67.0 32.4 129.0 125.58 0.0 1.0 17.0 6.0 0.0 0.0 0.0 0.0 0.0 0.0 0.0 0.0 0.0 0.0 0.0 0.0
6.0 5.0 0.0 85.0 55.0 17.0 88.0 96.59 0.0 1.0 8.0 1.0 0.0 0.0 0.0 0.0 0.0 0.0 0.0 0.0 0.0 0.0 0.0 0.0
12.0 12.0 0.0 169.0 47.0 14.08 120.0 140.83 0.0 0.0 14.0 9.0 12.0 10.0 16.0 132.0 5.0 0.0 26.4 8.25 19.2 0.0 0.0 0.0
14.0 12.0 0.0 275.0 62.0 22.91 184.0 149.45 0.0 2.0 22.0 17.0 0.0 0.0 0.0 0.0 0.0 0.0 0.0 0.0 0.0 0.0 0.0 0.0
5.0 5.0 1.0 120.0 91.0 30.0 94.0 127.65 0.0 1.0 9.0 7.0 0.0 0.0 0.0 0.0 0.0 0.0 0.0 0.0 0.0 0.0 0.0 0.0
13.0 13.0 3.0 548.0 95.0 54.8 353.0 155.24 0.0 5.0 52.0 21.0 0.0 0.0 0.0 0.0 0.0 0.0 0.0 0.0 0.0 0.0 0.0 0.0
17.0 17.0 3.0 735.0 84.0 52.5 516.0 142.44 0.0 8.0 64.0 28.0 0.0 0.0 0.0 0.0 0.0 0.0 0.0 0.0 0.0 0.0 0.0 0.0
13.0 12.0 0.0 301.0 54.0 25.08 221.0 136.19 0.0 2.0 23.0 13.0 0.0 0.0 0.0 0.0 0.0 0.0 0.0 0.0 0.0 0.0 0.0 0.0
9.0 8.0 1.0 133.0 50.0 19.0 100.0 133.0 0.0 1.0 10.0 7.0 0.0 0.0 0.0 0.0 0.0 0.0 0.0 0.0 0.0 0.0 0.0 0.0
14.0 14.0 2.0 659.0 95.0 54.91 416.0 158.41 0.0 6.0 66.0 32.0 0.0 0.0 0.0 0.0 0.0 0.0 0.0 0.0 0.0 0.0 0.0 0.0
14.0 13.0 3.0 252.0 47.0 25.2 186.0 135.48 0.0 0.0 16.0 11.0 0.0 0.0 0.0 0.0 0.0 0.0 0.0 0.0 0.0 0.0 0.0 0.0
15.0 13.0 2.0 284.0 62.0 25.81 246.0 115.44 0.0 3.0 22.0 5.0 0.0 0.0 0.0 0.0 0.0 0.0 0.0 0.0 0.0 0.0 0.0 0.0
11.0 11.0 1.0 120.0 30.0 12.0 94.0 127.65 0.0 0.0 9.0 5.0 0.0 0.0 0.0 0.0 0.0 0.0 0.0 0.0 0.0 0.0 0.0 0.0
16.0 15.0 9.0 455.0 79.0 75.83 302.0 150.66 0.0 3.0 24.0 30.0 0.0 0.0 0.0 0.0 0.0 0.0 0.0 0.0 0.0 0.0 0.0 0.0
15.0 15.0 2.0 304.0 59.0 23.38 232.0 131.03 0.0 1.0 26.0 14.0 15.0 5.0 6.1 44.0 4.0 0.0 11.0 7.13 9.25 0.0 0.0 0.0
6.0 6.0 1.0 153.0 53.0 30.6 109.0 140.36 0.0 1.0 20.0 4.0 0.0 0.0 0.0 0.0 0.0 0.0 0.0 0.0 0.0 0.0 0.0 0.0
9.0 9.0 0.0 245.0 65.0 27.22 160.0 153.12 0.0 2.0 27.0 10.0 0.0 0.0 0.0 0.0 0.0 0.0 0.0 0.0 0.0 0.0 0.0 0.0
8.0 8.0 0.0 201.0 53.0 25.12 162.0 124.07 0.0 1.0 20.0 8.0 0.0 0.0 0.0 0.0 0.0 0.0 0.0 0.0 0.0 0.0 0.0 0.0
12.0 12.0 3.0 226.0 80.0 25.11 167.0 135.32 0.0 1.0 18.0 8.0 0.0 0.0 0.0 0.0 0.0 0.0 0.0 0.0 0.0 0.0 0.0 0.0
14.0 14.0 1.0 684.0 128.0 52.61 394.0 173.6 1.0 5.0 68.0 37.0 0.0 0.0 0.0 0.0 0.0 0.0 0.0 0.0 0.0 0.0 0.0 0.0
16.0 16.0 0.0 351.0 54.0 21.93 265.0 132.45 0.0 1.0 30.0 21.0 0.0 0.0 0.0 0.0 0.0 0.0 0.0 0.0 0.0 0.0 0.0 0.0
14.0 14.0 2.0 286.0 94.0 23.83 215.0 133.02 0.0 2.0 25.0 12.0 0.0 0.0 0.0 0.0 0.0 0.0 0.0 0.0 0.0 0.0 0.0 0.0
10.0 8.0 0.0 108.0 56.0 13.5 78.0 138.46 0.0 1.0 8.0 5.0 0.0 0.0 0.0 0.0 0.0 0.0 0.0 0.0 0.0 0.0 0.0 0.0
15.0 15.0 1.0 441.0 92.0 31.5 320.0 137.81 0.0 3.0 30.0 19.0 0.0 0.0 0.0 0.0 0.0 0.0 0.0 0.0 0.0 0.0 0.0 0.0
15.0 15.0 1.0 555.0 117.0 39.64 359.0 154.59 2.0 2.0 44.0 35.0 15.0 11.0 28.0 251.0 6.0 0.0 41.83 8.96 28.0 0.0 0.0 0.0
16.0 16.0 3.0 497.0 92.0 38.23 363.0 136.91 0.0 4.0 59.0 14.0 0.0 0.0 0.0 0.0 0.0 0.0 0.0 0.0 0.0 0.0 0.0 0.0
14.0 14.0 3.0 411.0 93.0 37.36 310.0 132.58 0.0 4.0 29.0 21.0 0.0 0.0 0.0 0.0 0.0 0.0 0.0 0.0 0.0 0.0 0.0 0.0
13.0 11.0 5.0 203.0 57.0 33.83 139.0 146.04 0.0 1.0 22.0 5.0 0.0 0.0 0.0 0.0 0.0 0.0 0.0 0.0 0.0 0.0 0.0 0.0
15.0 15.0 3.0 445.0 75.0 37.08 336.0 132.44 0.0 4.0 46.0 12.0 0.0 0.0 0.0 0.0 0.0 0.0 0.0 0.0 0.0 0.0 0.0 0.0
14.0 14.0 0.0 512.0 72.0 36.57 384.0 133.33 0.0 4.0 61.0 16.0 0.0 0.0 0.0 0.0 0.0 0.0 0.0 0.0 0.0 0.0 0.0 0.0
13.0 11.0 7.0 212.0 54.0 53.0 148.0 143.24 0.0 1.0 11.0 11.0 13.0 4.0 5.0 58.0 1.0 0.0 58.0 11.6 30.0 0.0 0.0 0.0
14.0 14.0 3.0 530.0 92.0 48.18 381.0 139.1 0.0 4.0 52.0 18.0 0.0 0.0 0.0 0.0 0.0 0.0 0.0 0.0 0.0 0.0 0.0 0.0
11.0 10.0 2.0 122.0 35.0 15.25 102.0 119.6 0.0 0.0 17.0 1.0 0.0 0.0 0.0 0.0 0.0 0.0 0.0 0.0 0.0 0.0 0.0 0.0
15.0 13.0 4.0 260.0 45.0 28.88 200.0 130.0 0.0 0.0 22.0 11.0 15.0 1.0 2.0 14.0 1.0 0.0 14.0 7.0 12.0 0.0 0.0 0.0
8.0 6.0 0.0 65.0 20.0 10.83 73.0 89.04 0.0 0.0 6.0 2.0 8.0 2.0 2.0 23.0 0.0 0.0 0.0 11.5 0.0 0.0 0.0 0.0

Cluster 3:
17.0 7.0 2.0 59.0 34.0 11.8 31.0 190.32 0.0 0.0 3.0 6.0 17.0 17.0 68.0 458.0 21.0 0.0 21.8 6.73 19.42 0.0 0.0 0.0
5.0 4.0 2.0 17.0 11.0 8.5 19.0 89.47 0.0 0.0 1.0 1.0 5.0 5.0 18.2 190.0 8.0 0.0 23.75 10.36 13.75 0.0 0.0 0.0
16.0 10.0 6.0 141.0 68.0 35.25 91.0 154.94 0.0 1.0 8.0 10.0 16.0 16.0 53.3 533.0 14.0 0.0 38.07 9.96 22.92 0.0 0.0 0.0
14.0 9.0 1.0 102.0 45.0 12.75 71.0 143.66 0.0 0.0 7.0 5.0 14.0 14.0 50.4 410.0 10.0 0.0 41.0 8.09 30.4 0.0 0.0 0.0
8.0 4.0 2.0 52.0 36.0 26.0 46.0 113.04 0.0 0.0 5.0 1.0 8.0 8.0 29.0 261.0 5.0 0.0 52.2 9.0 34.8 0.0 0.0 0.0
13.0 1.0 1.0 15.0 15.0 0.0 5.0 300.0 0.0 0.0 3.0 0.0 13.0 13.0 46.4 431.0 16.0 0.0 26.93 9.23 17.5 0.0 0.0 0.0
6.0 2.0 2.0 16.0 12.0 0.0 11.0 145.45 0.0 0.0 2.0 0.0 6.0 6.0 21.0 216.0 2.0 0.0 108.0 10.28 63.0 0.0 0.0 0.0
11.0 4.0 1.0 50.0 24.0 16.66 45.0 111.11 0.0 0.0 5.0 0.0 11.0 10.0 31.0 236.0 11.0 0.0 21.45 7.61 16.9 1.0 0.0 0.0
16.0 10.0 5.0 89.0 27.0 17.8 74.0 120.27 0.0 0.0 3.0 4.0 16.0 14.0 41.0 303.0 11.0 0.0 27.54 7.39 22.36 0.0 0.0 0.0
12.0 4.0 1.0 50.0 39.0 16.66 29.0 172.41 0.0 0.0 1.0 4.0 12.0 12.0 38.1 278.0 10.0 0.0 27.8 7.28 22.9 0.0 0.0 0.0
3.0 3.0 0.0 17.0 15.0 5.66 22.0 77.27 0.0 0.0 0.0 1.0 3.0 3.0 8.4 115.0 3.0 0.0 38.33 13.26 17.33 0.0 0.0 0.0
5.0 4.0 1.0 23.0 18.0 7.66 28.0 82.14 0.0 0.0 3.0 0.0 5.0 5.0 10.1 118.0 6.0 0.0 19.66 11.6 10.16 0.0 0.0 0.0
9.0 8.0 2.0 80.0 19.0 13.33 69.0 115.94 0.0 0.0 3.0 4.0 9.0 8.0 26.0 218.0 3.0 0.0 72.66 8.38 52.0 0.0 0.0 0.0
8.0 5.0 2.0 50.0 24.0 16.66 43.0 116.27 0.0 0.0 5.0 1.0 8.0 8.0 22.0 173.0 6.0 0.0 28.83 7.86 22.0 0.0 0.0 0.0
15.0 13.0 4.0 126.0 33.0 14.0 64.0 196.87 0.0 0.0 9.0 9.0 15.0 15.0 40.0 312.0 11.0 0.0 28.36 7.8 21.81 0.0 0.0 0.0
17.0 13.0 2.0 239.0 35.0 21.72 197.0 121.31 0.0 0.0 26.0 5.0 17.0 17.0 57.0 456.0 14.0 0.0 32.57 8.0 24.42 0.0 0.0 0.0
4.0 3.0 1.0 26.0 13.0 13.0 33.0 78.78 0.0 0.0 0.0 1.0 4.0 4.0 11.5 101.0 4.0 0.0 25.25 8.53 17.75 0.0 0.0 0.0
7.0 6.0 3.0 65.0 35.0 21.66 38.0 171.05 0.0 0.0 5.0 4.0 7.0 7.0 20.0 192.0 4.0 0.0 48.0 9.6 30.0 0.0 0.0 0.0
13.0 13.0 1.0 196.0 45.0 16.33 161.0 121.73 0.0 0.0 13.0 6.0 13.0 12.0 37.0 303.0 8.0 0.0 37.87 8.18 27.75 0.0 0.0 0.0
13.0 13.0 4.0 260.0 50.0 28.88 195.0 133.33 0.0 1.0 20.0 11.0 13.0 13.0 42.4 381.0 18.0 0.0 21.16 8.92 14.22 0.0 0.0 0.0
5.0 2.0 1.0 60.0 36.0 60.0 33.0 181.81 0.0 0.0 1.0 6.0 5.0 5.0 17.3 167.0 7.0 0.0 23.85 9.54 15.0 0.0 0.0 0.0
4.0 4.0 3.0 46.0 27.0 46.0 26.0 176.92 0.0 0.0 3.0 2.0 4.0 4.0 14.0 143.0 3.0 0.0 47.66 10.21 28.0 0.0 0.0 0.0
16.0 16.0 0.0 357.0 75.0 22.31 188.0 189.89 0.0 2.0 40.0 23.0 16.0 16.0 61.0 467.0 17.0 0.0 27.47 7.65 21.52 0.0 0.0 0.0
9.0 6.0 2.0 96.0 37.0 24.0 58.0 165.51 0.0 0.0 5.0 8.0 9.0 7.0 17.0 168.0 2.0 0.0 84.0 9.88 51.0 0.0 0.0 0.0
14.0 13.0 3.0 228.0 41.0 22.8 157.0 145.22 0.0 0.0 22.0 10.0 14.0 13.0 40.1 284.0 12.0 0.0 23.66 7.07 20.08 0.0 0.0 0.0
16.0 14.0 3.0 316.0 88.0 28.72 171.0 184.79 0.0 1.0 17.0 31.0 16.0 15.0 37.5 355.0 13.0 0.0 27.3 9.38 17.46 0.0 0.0 0.0

Cluster 4:
0.0 0.0 0.0 0.0 0.0 0.0 0.0 0.0 0.0 0.0 0.0 0.0 1.0 1.0 1.0 11.0 0.0 0.0 0.0 11.0 0.0 0.0 0.0 0.0
0.0 0.0 0.0 0.0 0.0 0.0 0.0 0.0 0.0 0.0 0.0 0.0 1.0 1.0 2.0 19.0 0.0 0.0 0.0 9.5 0.0 0.0 0.0 0.0
0.0 0.0 0.0 0.0 0.0 0.0 0.0 0.0 0.0 0.0 0.0 0.0 1.0 1.0 3.0 34.0 0.0 0.0 0.0 11.33 0.0 0.0 0.0 0.0
0.0 0.0 0.0 0.0 0.0 0.0 0.0 0.0 0.0 0.0 0.0 0.0 1.0 1.0 3.0 38.0 0.0 0.0 0.0 12.66 0.0 0.0 0.0 0.0
0.0 0.0 0.0 0.0 0.0 0.0 0.0 0.0 0.0 0.0 0.0 0.0 1.0 1.0 4.0 49.0 0.0 0.0 0.0 12.25 0.0 0.0 0.0 0.0
0.0 0.0 0.0 0.0 0.0 0.0 0.0 0.0 0.0 0.0 0.0 0.0 1.0 1.0 4.0 47.0 0.0 0.0 0.0 11.75 0.0 0.0 0.0 0.0
0.0 0.0 0.0 0.0 0.0 0.0 0.0 0.0 0.0 0.0 0.0 0.0 1.0 1.0 4.0 31.0 0.0 0.0 0.0 7.75 0.0 0.0 0.0 0.0

Cluster 5:
0.0 0.0 0.0 0.0 0.0 0.0 0.0 0.0 0.0 0.0 0.0 0.0 3.0 3.0 4.0 42.0 1.0 0.0 42.0 10.5 24.0 0.0 0.0 0.0
0.0 0.0 0.0 0.0 0.0 0.0 0.0 0.0 0.0 0.0 0.0 0.0 2.0 2.0 4.0 49.0 1.0 0.0 49.0 12.25 24.0 0.0 0.0 0.0
0.0 0.0 0.0 0.0 0.0 0.0 0.0 0.0 0.0 0.0 0.0 0.0 3.0 3.0 10.0 95.0 2.0 0.0 47.5 9.5 30.0 0.0 0.0 0.0
0.0 0.0 0.0 0.0 0.0 0.0 0.0 0.0 0.0 0.0 0.0 0.0 3.0 3.0 10.5 107.0 2.0 0.0 53.5 9.87 32.5 0.0 0.0 0.0
0.0 0.0 0.0 0.0 0.0 0.0 0.0 0.0 0.0 0.0 0.0 0.0 4.0 3.0 7.0 89.0 2.0 0.0 44.5 12.71 21.0 0.0 0.0 0.0
0.0 0.0 0.0 0.0 0.0 0.0 0.0 0.0 0.0 0.0 0.0 0.0 2.0 2.0 3.5 65.0 2.0 0.0 32.5 16.95 11.5 0.0 0.0 0.0
0.0 0.0 0.0 0.0 0.0 0.0 0.0 0.0 0.0 0.0 0.0 0.0 2.0 2.0 7.0 53.0 3.0 0.0 17.66 7.57 14.0 0.0 0.0 0.0
0.0 0.0 0.0 0.0 0.0 0.0 0.0 0.0 0.0 0.0 0.0 0.0 2.0 2.0 6.0 75.0 3.0 0.0 25.0 12.5 12.0 0.0 0.0 0.0
0.0 0.0 0.0 0.0 0.0 0.0 0.0 0.0 0.0 0.0 0.0 0.0 4.0 4.0 13.5 144.0 3.0 0.0 48.0 10.4 27.66 0.0 0.0 0.0
0.0 0.0 0.0 0.0 0.0 0.0 0.0 0.0 0.0 0.0 0.0 0.0 6.0 6.0 15.0 161.0 3.0 0.0 53.66 10.73 30.0 0.0 0.0 0.0

Cluster 6:
0.0 0.0 0.0 0.0 0.0 0.0 0.0 0.0 0.0 0.0 0.0 0.0 17.0 17.0 66.0 547.0 21.0 0.0 26.04 8.28 18.85 0.0 0.0 0.0
0.0 0.0 0.0 0.0 0.0 0.0 0.0 0.0 0.0 0.0 0.0 0.0 14.0 14.0 53.1 418.0 20.0 0.0 20.9 7.86 15.95 0.0 0.0 0.0
0.0 0.0 0.0 0.0 0.0 0.0 0.0 0.0 0.0 0.0 0.0 0.0 14.0 14.0 52.4 466.0 18.0 0.0 25.88 8.84 17.55 0.0 0.0 0.0
0.0 0.0 0.0 0.0 0.0 0.0 0.0 0.0 0.0 0.0 0.0 0.0 16.0 16.0 51.2 418.0 17.0 0.0 24.58 8.14 18.11 1.0 0.0 0.0
0.0 0.0 0.0 0.0 0.0 0.0 0.0 0.0 0.0 0.0 0.0 0.0 14.0 14.0 54.0 372.0 17.0 0.0 21.88 6.88 19.05 0.0 0.0 0.0
0.0 0.0 0.0 0.0 0.0 0.0 0.0 0.0 0.0 0.0 0.0 0.0 11.0 11.0 40.0 332.0 14.0 0.0 23.71 8.3 17.14 0.0 0.0 0.0
0.0 0.0 0.0 0.0 0.0 0.0 0.0 0.0 0.0 0.0 0.0 0.0 11.0 11.0 41.2 289.0 14.0 0.0 20.64 6.99 17.71 0.0 0.0 0.0
0.0 0.0 0.0 0.0 0.0 0.0 0.0 0.0 0.0 0.0 0.0 0.0 12.0 12.0 44.0 333.0 12.0 0.0 27.75 7.56 22.0 0.0 0.0 0.0
0.0 0.0 0.0 0.0 0.0 0.0 0.0 0.0 0.0 0.0 0.0 0.0 10.0 10.0 37.0 264.0 12.0 0.0 22.0 7.13 18.5 0.0 0.0 0.0
0.0 0.0 0.0 0.0 0.0 0.0 0.0 0.0 0.0 0.0 0.0 0.0 14.0 14.0 50.0 363.0 12.0 0.0 30.25 7.26 25.0 0.0 0.0 0.0
0.0 0.0 0.0 0.0 0.0 0.0 0.0 0.0 0.0 0.0 0.0 0.0 8.0 8.0 26.1 223.0 11.0 0.0 20.27 8.52 14.27 0.0 1.0 0.0
0.0 0.0 0.0 0.0 0.0 0.0 0.0 0.0 0.0 0.0 0.0 0.0 7.0 7.0 28.0 260.0 10.0 0.0 26.0 9.28 16.8 1.0 0.0 0.0
0.0 0.0 0.0 0.0 0.0 0.0 0.0 0.0 0.0 0.0 0.0 0.0 7.0 7.0 21.0 211.0 9.0 0.0 23.44 10.04 14.0 0.0 0.0 0.0
0.0 0.0 0.0 0.0 0.0 0.0 0.0 0.0 0.0 0.0 0.0 0.0 7.0 7.0 26.0 156.0 11.0 0.0 14.18 6.0 14.18 1.0 0.0 0.0
0.0 0.0 0.0 0.0 0.0 0.0 0.0 0.0 0.0 0.0 0.0 0.0 9.0 9.0 29.4 322.0 7.0 0.0 46.0 10.85 25.42 0.0 0.0 0.0
0.0 0.0 0.0 0.0 0.0 0.0 0.0 0.0 0.0 0.0 0.0 0.0 7.0 7.0 27.3 230.0 7.0 0.0 32.85 8.36 23.57 0.0 0.0 0.0
0.0 0.0 0.0 0.0 0.0 0.0 0.0 0.0 0.0 0.0 0.0 0.0 6.0 6.0 20.4 188.0 6.0 0.0 31.33 9.09 20.66 0.0 0.0 0.0
0.0 0.0 0.0 0.0 0.0 0.0 0.0 0.0 0.0 0.0 0.0 0.0 4.0 4.0 10.1 114.0 5.0 0.0 22.8 11.21 12.2 0.0 0.0 0.0
0.0 0.0 0.0 0.0 0.0 0.0 0.0 0.0 0.0 0.0 0.0 0.0 4.0 4.0 16.0 130.0 5.0 0.0 26.0 8.12 19.2 0.0 0.0 0.0
0.0 0.0 0.0 0.0 0.0 0.0 0.0 0.0 0.0 0.0 0.0 0.0 3.0 3.0 12.0 82.0 5.0 0.0 16.4 6.83 14.4 0.0 0.0 0.0
0.0 0.0 0.0 0.0 0.0 0.0 0.0 0.0 0.0 0.0 0.0 0.0 6.0 6.0 23.0 135.0 5.0 0.0 27.0 5.86 27.6 0.0 0.0 0.0
0.0 0.0 0.0 0.0 0.0 0.0 0.0 0.0 0.0 0.0 0.0 0.0 6.0 6.0 19.0 204.0 4.0 0.0 51.0 10.73 28.5 0.0 0.0 0.0
0.0 0.0 0.0 0.0 0.0 0.0 0.0 0.0 0.0 0.0 0.0 0.0 6.0 6.0 22.0 229.0 4.0 0.0 57.25 10.4 33.0 0.0 0.0 0.0
0.0 0.0 0.0 0.0 0.0 0.0 0.0 0.0 0.0 0.0 0.0 0.0 8.0 8.0 19.5 188.0 4.0 0.0 47.0 9.47 29.75 0.0 0.0 0.0
0.0 0.0 0.0 0.0 0.0 0.0 0.0 0.0 0.0 0.0 0.0 0.0 7.0 7.0 25.0 225.0 4.0 0.0 56.25 9.0 37.5 0.0 0.0 0.0
0.0 0.0 0.0 0.0 0.0 0.0 0.0 0.0 0.0 0.0 0.0 0.0 6.0 5.0 9.3 89.0 4.0 0.0 22.25 9.36 14.25 0.0 0.0 0.0
12.0 4.0 2.0 13.0 7.0 6.5 16.0 81.25 0.0 0.0 1.0 0.0 12.0 12.0 46.1 354.0 9.0 0.0 39.33 7.66 30.77 0.0 0.0 0.0
15.0 7.0 3.0 27.0 12.0 6.75 34.0 79.41 0.0 0.0 1.0 1.0 15.0 15.0 49.0 412.0 14.0 0.0 29.42 8.4 21.0 0.0 0.0 0.0
14.0 8.0 2.0 32.0 14.0 5.33 38.0 84.21 0.0 0.0 2.0 1.0 14.0 14.0 56.0 448.0 24.0 0.0 18.66 8.0 14.0 3.0 0.0 0.0
10.0 8.0 3.0 15.0 8.0 3.0 21.0 71.42 0.0 0.0 2.0 0.0 10.0 10.0 38.5 325.0 15.0 0.0 21.66 8.36 15.53 0.0 0.0 0.0
14.0 6.0 4.0 21.0 7.0 10.5 24.0 87.5 0.0 0.0 2.0 0.0 14.0 14.0 44.0 368.0 15.0 0.0 24.53 8.36 17.6 1.0 0.0 0.0
9.0 4.0 1.0 13.0 7.0 4.33 15.0 86.66 0.0 0.0 1.0 0.0 9.0 9.0 28.0 270.0 5.0 0.0 54.0 9.64 33.6 0.0 0.0 0.0
15.0 7.0 3.0 49.0 26.0 12.25 38.0 128.94 0.0 0.0 6.0 1.0 15.0 15.0 50.2 486.0 11.0 0.0 44.18 9.65 27.45 0.0 0.0 0.0
11.0 4.0 2.0 25.0 14.0 12.5 22.0 113.63 0.0 0.0 2.0 1.0 11.0 11.0 41.0 367.0 11.0 0.0 33.36 8.95 22.36 0.0 0.0 0.0
13.0 3.0 0.0 29.0 19.0 9.66 36.0 80.55 0.0 0.0 3.0 1.0 13.0 12.0 31.5 270.0 7.0 0.0 38.57 8.48 27.28 0.0 0.0 0.0

